3,1
3,3
10,91
10,249
10,75
10,85
10,141
8,12
8,14
8,18
8,4
8,5
32,3
32,2
32,1
32,0
26,3
26,2
26,1
26,0
25,4
25,3
25,2
25,1
25,0
24,2
24,0
20,3
20,2
20,1
19,3
19,2
19,1
12,3
12,2
12,1
11,30
11,29
11,28
11,27
11,26
11,25
11,24
11,23
11,22
11,21
11,20
11,19
11,18
11,17
11,16
11,15
11,14
11,13
11,12
11,11
11,10
11,9
11,8
11,7
11,6
11,5
11,4
11,3
11,2
11,1
10,311
10,310
10,309
10,307
10,303
10,297
10,296
10,294
10,293
10,290
10,289
10,287
10,286
10,279
10,276
10,275
10,274
10,273
10,272
10,271
10,268
10,265
10,262
10,261
10,197
10,161
10,147
10,125
10,123
18,1
10,119
10,1
18,3
10,5
10,3
10,2
9,7
9,1
9,5
9,3
